$ 1 0.000005 382.76258214399064 42 5 50 5e-11
v 464 352 464 256 0 1 60 311.1269837220809 0 0 0.5
181 464 256 528 256 0 703.4850198972339 100 220 0.4 0.4
c 528 256 528 352 0 4.7e-8 85.24247683706675 0.001
d 672 256 672 304 2 default
d 672 304 672 352 2 default
d 720 352 720 304 2 default
d 720 304 720 256 2 default
r 528 256 608 256 0 47
c 608 256 672 256 0 1e-8 84.28869190629432 0.001
w 464 352 528 352 0
w 528 352 672 352 0
w 672 352 720 352 0
w 864 400 1008 400 0
w 992 304 1008 304 0
w 864 304 864 400 0
d 864 304 928 368 2 default
d 864 304 928 240 2 default
d 928 368 992 304 2 default
d 928 240 992 304 2 default
209 1008 304 1008 400 0 0.00021999999999999998 5.657582408590397 1 1
209 1088 304 1088 400 0 0.00021999999999999998 5.64631604718767 1 1
c 1216 304 1216 400 0 1e-7 5.646286114613789 0.001
l 1008 304 1088 304 0 0.0047 0.03067251125453413 0
w 1008 400 1088 400 0
w 1088 400 1168 400 0
z 1168 400 1168 304 2 default-zener
w 1168 304 1216 304 0
w 1168 400 1216 400 0
r 1088 304 1168 304 0 0.001
d 864 304 912 304 2 default
d 912 304 992 304 2 default
r 528 48 576 48 0 470000
c 528 -16 576 -16 0 2.1999999999999998e-7 77.79602999595953 0.001
r 608 16 656 16 0 47
w 528 -16 528 16 0
w 528 48 528 16 0
w 576 -16 576 16 0
w 576 16 576 48 0
w 576 16 608 16 0
w 912 16 912 304 0
r 1216 304 1264 304 0 47
206 528 80 528 160 0 0.00175 0.008 100 false
w 624 80 720 80 0
206 624 80 640 144 0 0.00015 0.007 100 false
r 560 144 592 144 0 47
w 624 144 592 144 0
w 624 80 528 80 0
w 672 144 1216 144 0
s 1216 144 1264 144 0 1 false
p 1264 304 1360 304 1 0 0
c 624 208 624 144 0 1e-7 -1.4210854715202004e-14 0.001
w 672 144 656 144 0
w 624 208 672 208 0
w 672 144 672 208 0
w 672 256 720 256 0
T 720 256 832 352 0 4 1 0.00025800540152327145 1.0314491980967785e-13 0.999
w 528 160 528 256 0
w 720 256 720 80 0
w 528 160 496 160 0
w 496 160 496 16 0
w 496 16 528 16 0
w 656 16 912 16 0
w 928 240 832 240 0
w 832 240 832 256 0
w 928 368 832 368 0
w 832 352 832 368 0
w 1264 144 1264 304 0
w 720 352 720 400 0
w 720 400 864 400 0
x 534 100 602 103 4 12 BTA12-600C
x 642 114 694 117 4 12 Z0103MA
x 481 205 513 208 4 12 LAMP
x 679 309 714 312 4 12 RL207
x 1218 165 1253 168 4 12 Switch
